40
Tax0    0.00000  0.35824  0.33549  0.32694  0.31966  0.31099  0.39092  0.32214  0.30447  0.43581  0.55185  0.45192  0.40236  0.36742  0.43711  0.45781  0.38619  0.31008  1.03193  1.03559  1.15266  1.15924  1.09844  1.08588  0.84728  0.84959  0.82091  0.71402  0.92166  0.86136  0.86314  0.86133  0.86777  0.85118  0.94266  0.84519  0.85919  0.75406  0.75812  0.76782
Tax1    0.35824  0.00000  0.50473  0.49618  0.48891  0.48024  0.56016  0.49139  0.47371  0.60506  0.72109  0.62116  0.57161  0.53667  0.60635  0.62705  0.55544  0.47933  1.20117  1.20484  1.32190  1.32848  1.26769  1.25513  1.01652  1.01883  0.99016  0.88326  1.09090  1.03060  1.03238  1.03058  1.03702  1.02042  1.11190  1.01444  1.02844  0.92330  0.92737  0.93707
Tax30  0.33549  0.50473  0.00000  0.02345  0.08744  0.10460  0.21071  0.23611  0.23752  0.36887  0.48490  0.38497  0.51300  0.47806  0.54774  0.56845  0.49683  0.42072  1.14256  1.14623  1.26329  1.26988  1.20908  1.19652  0.95791  0.96023  0.93155  0.82465  1.03229  0.97199  0.97378  0.97197  0.97841  0.96182  1.05330  0.95583  0.96983  0.86469  0.86876  0.87846
Tax31  0.32694  0.49618  0.02345  0.00000  0.07889  0.09605  0.20215  0.22756  0.22897  0.36031  0.47635  0.37642  0.50445  0.46951  0.53919  0.55989  0.48828  0.41217  1.13401  1.13767  1.25474  1.26132  1.20053  1.18796  0.94936  0.95167  0.92299  0.81610  1.02374  0.96344  0.96522  0.96341  0.96986  0.95326  1.04474  0.94728  0.96127  0.85614  0.86021  0.86990
Tax24  0.31966  0.48891  0.08744  0.07889  0.00000  0.08877  0.19488  0.22028  0.22169  0.35304  0.46908  0.36915  0.49717  0.46224  0.53192  0.55262  0.48101  0.40489  1.12674  1.13040  1.24747  1.25405  1.19325  1.18069  0.94209  0.94440  0.91572  0.80883  1.01647  0.95617  0.95795  0.95614  0.96259  0.94599  1.03747  0.94000  0.95400  0.84887  0.85293  0.86263
Tax21  0.31099  0.48024  0.10460  0.09605  0.08877  0.00000  0.18621  0.21161  0.21302  0.34437  0.46040  0.36047  0.48850  0.45356  0.52325  0.54395  0.47233  0.39622  1.11807  1.12173  1.23880  1.24538  1.18458  1.17202  0.93341  0.93573  0.90705  0.80016  1.00780  0.94750  0.94928  0.94747  0.95391  0.93732  1.02880  0.93133  0.94533  0.84020  0.84426  0.85396
Tax11  0.39092  0.56016  0.21071  0.20215  0.19488  0.18621  0.00000  0.29154  0.29295  0.42429  0.54033  0.44040  0.56843  0.53349  0.60317  0.62387  0.55226  0.47615  1.19799  1.20166  1.31872  1.32530  1.26451  1.25195  1.01334  1.01565  0.98697  0.88008  1.08772  1.02742  1.02920  1.02739  1.03384  1.01724  1.10872  1.01126  1.02526  0.92012  0.92419  0.93389
Tax5    0.32214  0.49139  0.23611  0.22756  0.22028  0.21161  0.29154  0.00000  0.22417  0.35552  0.47156  0.37163  0.49965  0.46471  0.53440  0.55510  0.48348  0.40737  1.12922  1.13288  1.24995  1.25653  1.19573  1.18317  0.94457  0.94688  0.91820  0.81131  1.01895  0.95865  0.96043  0.95862  0.96507  0.94847  1.03995  0.94248  0.95648  0.85135  0.85541  0.86511
Tax12  0.30447  0.47371  0.23752  0.22897  0.22169  0.21302  0.29295  0.22417  0.00000  0.25661  0.39179  0.34122  0.48198  0.44704  0.51672  0.53742  0.46581  0.38970  1.11154  1.11521  1.23227  1.23885  1.17806  1.16550  0.92689  0.92920  0.90053  0.79363  1.00127  0.94097  0.94275  0.94094  0.94739  0.93079  1.02227  0.92481  0.93880  0.83367  0.83774  0.84744
Tax13  0.43581  0.60506  0.36887  0.36031  0.35304  0.34437  0.42429  0.35552  0.25661  0.00000  0.52314  0.47256  0.61332  0.57839  0.64807  0.66877  0.59716  0.52104  1.24289  1.24655  1.36362  1.37020  1.30940  1.29684  1.05824  1.06055  1.03187  0.92498  1.13262  1.07232  1.07410  1.07229  1.07874  1.06214  1.15362  1.05615  1.07015  0.96502  0.96908  0.97878
Tax7    0.55185  0.72109  0.48490  0.47635  0.46908  0.46040  0.54033  0.47156  0.39179  0.52314  0.00000  0.58860  0.72936  0.69442  0.76410  0.78481  0.71319  0.63708  1.35892  1.36259  1.47965  1.48624  1.42544  1.41288  1.17427  1.17658  1.14791  1.04101  1.24865  1.18835  1.19014  1.18833  1.19477  1.17818  1.26965  1.17219  1.18619  1.08105  1.08512  1.09482
Tax6    0.45192  0.62116  0.38497  0.37642  0.36915  0.36047  0.44040  0.37163  0.34122  0.47256  0.58860  0.00000  0.62943  0.59449  0.66417  0.68488  0.61326  0.53715  1.25899  1.26266  1.37972  1.38631  1.32551  1.31295  1.07434  1.07665  1.04798  0.94108  1.14872  1.08842  1.09021  1.08840  1.09484  1.07825  1.16973  1.07226  1.08626  0.98112  0.98519  0.99489
Tax9    0.40236  0.57161  0.51300  0.50445  0.49717  0.48850  0.56843  0.49965  0.48198  0.61332  0.72936  0.62943  0.00000  0.16814  0.30609  0.32679  0.25517  0.28415  1.10347  1.10713  1.22420  1.23078  1.16999  1.15742  0.91882  0.92113  0.89245  0.78556  0.99320  0.93290  0.93468  0.93287  0.93932  0.92272  1.01420  0.91673  0.93073  0.82560  0.82967  0.83936
Tax10  0.36742  0.53667  0.47806  0.46951  0.46224  0.45356  0.53349  0.46471  0.44704  0.57839  0.69442  0.59449  0.16814  0.00000  0.27115  0.29185  0.22024  0.24921  1.06853  1.07220  1.18926  1.19584  1.13505  1.12249  0.88388  0.88619  0.85752  0.75062  0.95826  0.89796  0.89974  0.89794  0.90438  0.88779  0.97926  0.88180  0.89580  0.79066  0.79473  0.80443
Tax16  0.43711  0.60635  0.54774  0.53919  0.53192  0.52325  0.60317  0.53440  0.51672  0.64807  0.76410  0.66417  0.30609  0.27115  0.00000  0.22643  0.24379  0.31889  1.13821  1.14188  1.25895  1.26553  1.20473  1.19217  0.95356  0.95588  0.92720  0.82031  1.02795  0.96765  0.96943  0.96762  0.97406  0.95747  1.04895  0.95148  0.96548  0.86035  0.86441  0.87411
Tax17  0.45781  0.62705  0.56845  0.55989  0.55262  0.54395  0.62387  0.55510  0.53742  0.66877  0.78481  0.68488  0.32679  0.29185  0.22643  0.00000  0.26449  0.33959  1.15892  1.16258  1.27965  1.28623  1.22543  1.21287  0.97427  0.97658  0.94790  0.84101  1.04865  0.98835  0.99013  0.98832  0.99477  0.97817  1.06965  0.97218  0.98618  0.88105  0.88511  0.89481
Tax8    0.38619  0.55544  0.49683  0.48828  0.48101  0.47233  0.55226  0.48348  0.46581  0.59716  0.71319  0.61326  0.25517  0.22024  0.24379  0.26449  0.00000  0.26798  1.08730  1.09097  1.20803  1.21462  1.15382  1.14126  0.90265  0.90496  0.87629  0.76939  0.97703  0.91673  0.91851  0.91671  0.92315  0.90655  0.99803  0.90057  0.91457  0.80943  0.81350  0.82320
Tax2    0.31008  0.47933  0.42072  0.41217  0.40489  0.39622  0.47615  0.40737  0.38970  0.52104  0.63708  0.53715  0.28415  0.24921  0.31889  0.33959  0.26798  0.00000  1.01119  1.01485  1.13192  1.13850  1.07771  1.06514  0.82654  0.82885  0.80017  0.69328  0.90092  0.84062  0.84240  0.84059  0.84704  0.83044  0.92192  0.82445  0.83845  0.73332  0.73739  0.74708
Tax19  1.03193  1.20117  1.14256  1.13401  1.12674  1.11807  1.19799  1.12922  1.11154  1.24289  1.35892  1.25899  1.10347  1.06853  1.13821  1.15892  1.08730  1.01119  0.00000  0.10595  0.28207  0.28865  0.22786  0.21530  0.78810  0.79042  0.76174  0.65485  0.86249  0.80219  0.80397  0.80216  0.99958  0.98299  1.07447  0.97700  0.99100  1.07152  1.07559  1.08529
Tax20  1.03559  1.20484  1.14623  1.13767  1.13040  1.12173  1.20166  1.13288  1.11521  1.24655  1.36259  1.26266  1.10713  1.07220  1.14188  1.16258  1.09097  1.01485  0.10595  0.00000  0.28574  0.29232  0.23152  0.21896  0.79177  0.79408  0.76540  0.65851  0.86615  0.80585  0.80763  0.80582  1.00325  0.98665  1.07813  0.98066  0.99466  1.07519  1.07925  1.08895
Tax34  1.15266  1.32190  1.26329  1.25474  1.24747  1.23880  1.31872  1.24995  1.23227  1.36362  1.47965  1.37972  1.22420  1.18926  1.25895  1.27965  1.20803  1.13192  0.28207  0.28574  0.00000  0.01775  0.31540  0.30330  0.90883  0.91115  0.88247  0.77558  0.98322  0.92292  0.92470  0.92289  1.12031  1.10372  1.19520  1.09773  1.11173  1.19225  1.19632  1.20602
Tax35  1.15924  1.32848  1.26988  1.26132  1.25405  1.24538  1.32530  1.25653  1.23885  1.37020  1.48624  1.38631  1.23078  1.19584  1.26553  1.28623  1.21462  1.13850  0.28865  0.29232  0.01775  0.00000  0.32198  0.30988  0.91542  0.91773  0.88905  0.78216  0.98980  0.92950  0.93128  0.92947  1.12690  1.11030  1.20178  1.10431  1.11831  1.19884  1.20290  1.21260
Tax15  1.09844  1.26769  1.20908  1.20053  1.19325  1.18458  1.26451  1.19573  1.17806  1.30940  1.42544  1.32551  1.16999  1.13505  1.20473  1.22543  1.15382  1.07771  0.22786  0.23152  0.31540  0.32198  0.00000  0.24908  0.85462  0.85693  0.82825  0.72136  0.92900  0.86870  0.87048  0.86867  1.06610  1.04950  1.14098  1.04352  1.05751  1.13804  1.14211  1.15180
Tax14  1.08588  1.25513  1.19652  1.18796  1.18069  1.17202  1.25195  1.18317  1.16550  1.29684  1.41288  1.31295  1.15742  1.12249  1.19217  1.21287  1.14126  1.06514  0.21530  0.21896  0.30330  0.30988  0.24908  0.00000  0.84206  0.84437  0.81569  0.70880  0.91644  0.85614  0.85792  0.85611  1.05354  1.03694  1.12842  1.03095  1.04495  1.12548  1.12954  1.13924
Tax32  0.84728  1.01652  0.95791  0.94936  0.94209  0.93341  1.01334  0.94457  0.92689  1.05824  1.17427  1.07434  0.91882  0.88388  0.95356  0.97427  0.90265  0.82654  0.78810  0.79177  0.90883  0.91542  0.85462  0.84206  0.00000  0.02448  0.52589  0.41900  0.62664  0.56634  0.56812  0.56631  0.81493  0.79834  0.88982  0.79235  0.80635  0.88687  0.89094  0.90064
Tax33  0.84959  1.01883  0.96023  0.95167  0.94440  0.93573  1.01565  0.94688  0.92920  1.06055  1.17658  1.07665  0.92113  0.88619  0.95588  0.97658  0.90496  0.82885  0.79042  0.79408  0.91115  0.91773  0.85693  0.84437  0.02448  0.00000  0.52821  0.42131  0.62895  0.56865  0.57044  0.56863  0.81724  0.80065  0.89213  0.79466  0.80866  0.88919  0.89325  0.90295
Tax3    0.82091  0.99016  0.93155  0.92299  0.91572  0.90705  0.98697  0.91820  0.90053  1.03187  1.14791  1.04798  0.89245  0.85752  0.92720  0.94790  0.87629  0.80017  0.76174  0.76540  0.88247  0.88905  0.82825  0.81569  0.52589  0.52821  0.00000  0.32223  0.57878  0.51848  0.52026  0.51846  0.78857  0.77197  0.86345  0.76598  0.77998  0.86051  0.86457  0.87427
Tax4    0.71402  0.88326  0.82465  0.81610  0.80883  0.80016  0.88008  0.81131  0.79363  0.92498  1.04101  0.94108  0.78556  0.75062  0.82031  0.84101  0.76939  0.69328  0.65485  0.65851  0.77558  0.78216  0.72136  0.70880  0.41900  0.42131  0.32223  0.00000  0.47189  0.41159  0.41337  0.41156  0.68167  0.66508  0.75656  0.65909  0.67309  0.75361  0.75768  0.76738
Tax25  0.92166  1.09090  1.03229  1.02374  1.01647  1.00780  1.08772  1.01895  1.00127  1.13262  1.24865  1.14872  0.99320  0.95826  1.02795  1.04865  0.97703  0.90092  0.86249  0.86615  0.98322  0.98980  0.92900  0.91644  0.62664  0.62895  0.57878  0.47189  0.00000  0.11327  0.51449  0.51268  0.88932  0.87272  0.96420  0.86673  0.88073  0.96126  0.96532  0.97502
Tax26  0.86136  1.03060  0.97199  0.96344  0.95617  0.94750  1.02742  0.95865  0.94097  1.07232  1.18835  1.08842  0.93290  0.89796  0.96765  0.98835  0.91673  0.84062  0.80219  0.80585  0.92292  0.92950  0.86870  0.85614  0.56634  0.56865  0.51848  0.41159  0.11327  0.00000  0.45419  0.45238  0.82902  0.81242  0.90390  0.80643  0.82043  0.90096  0.90502  0.91472
Tax38  0.86314  1.03238  0.97378  0.96522  0.95795  0.94928  1.02920  0.96043  0.94275  1.07410  1.19014  1.09021  0.93468  0.89974  0.96943  0.99013  0.91851  0.84240  0.80397  0.80763  0.92470  0.93128  0.87048  0.85792  0.56812  0.57044  0.52026  0.41337  0.51449  0.45419  0.00000  0.00375  0.83080  0.81420  0.90568  0.80821  0.82221  0.90274  0.90680  0.91650
Tax39  0.86133  1.03058  0.97197  0.96341  0.95614  0.94747  1.02739  0.95862  0.94094  1.07229  1.18833  1.08840  0.93287  0.89794  0.96762  0.98832  0.91671  0.84059  0.80216  0.80582  0.92289  0.92947  0.86867  0.85611  0.56631  0.56863  0.51846  0.41156  0.51268  0.45238  0.00375  0.00000  0.82899  0.81239  0.90387  0.80640  0.82040  0.90093  0.90499  0.91469
Tax22  0.86777  1.03702  0.97841  0.96986  0.96259  0.95391  1.03384  0.96507  0.94739  1.07874  1.19477  1.09484  0.93932  0.90438  0.97406  0.99477  0.92315  0.84704  0.99958  1.00325  1.12031  1.12690  1.06610  1.05354  0.81493  0.81724  0.78857  0.68167  0.88932  0.82902  0.83080  0.82899  0.00000  0.12596  0.27717  0.17970  0.19370  0.90737  0.91144  0.92114
Tax23  0.85118  1.02042  0.96182  0.95326  0.94599  0.93732  1.01724  0.94847  0.93079  1.06214  1.17818  1.07825  0.92272  0.88779  0.95747  0.97817  0.90655  0.83044  0.98299  0.98665  1.10372  1.11030  1.04950  1.03694  0.79834  0.80065  0.77197  0.66508  0.87272  0.81242  0.81420  0.81239  0.12596  0.00000  0.26057  0.16310  0.17710  0.89078  0.89484  0.90454
Tax27  0.94266  1.11190  1.05330  1.04474  1.03747  1.02880  1.10872  1.03995  1.02227  1.15362  1.26965  1.16973  1.01420  0.97926  1.04895  1.06965  0.99803  0.92192  1.07447  1.07813  1.19520  1.20178  1.14098  1.12842  0.88982  0.89213  0.86345  0.75656  0.96420  0.90390  0.90568  0.90387  0.27717  0.26057  0.00000  0.14121  0.21278  0.98226  0.98632  0.99602
Tax28  0.84519  1.01444  0.95583  0.94728  0.94000  0.93133  1.01126  0.94248  0.92481  1.05615  1.17219  1.07226  0.91673  0.88180  0.95148  0.97218  0.90057  0.82445  0.97700  0.98066  1.09773  1.10431  1.04352  1.03095  0.79235  0.79466  0.76598  0.65909  0.86673  0.80643  0.80821  0.80640  0.17970  0.16310  0.14121  0.00000  0.11532  0.88479  0.88885  0.89855
Tax18  0.85919  1.02844  0.96983  0.96127  0.95400  0.94533  1.02526  0.95648  0.93880  1.07015  1.18619  1.08626  0.93073  0.89580  0.96548  0.98618  0.91457  0.83845  0.99100  0.99466  1.11173  1.11831  1.05751  1.04495  0.80635  0.80866  0.77998  0.67309  0.88073  0.82043  0.82221  0.82040  0.19370  0.17710  0.21278  0.11532  0.00000  0.89879  0.90285  0.91255
Tax36  0.75406  0.92330  0.86469  0.85614  0.84887  0.84020  0.92012  0.85135  0.83367  0.96502  1.08105  0.98112  0.82560  0.79066  0.86035  0.88105  0.80943  0.73332  1.07152  1.07519  1.19225  1.19884  1.13804  1.12548  0.88687  0.88919  0.86051  0.75361  0.96126  0.90096  0.90274  0.90093  0.90737  0.89078  0.98226  0.88479  0.89879  0.00000  0.01069  0.06395
Tax37  0.75812  0.92737  0.86876  0.86021  0.85293  0.84426  0.92419  0.85541  0.83774  0.96908  1.08512  0.98519  0.82967  0.79473  0.86441  0.88511  0.81350  0.73739  1.07559  1.07925  1.19632  1.20290  1.14211  1.12954  0.89094  0.89325  0.86457  0.75768  0.96532  0.90502  0.90680  0.90499  0.91144  0.89484  0.98632  0.88885  0.90285  0.01069  0.00000  0.06802
Tax29  0.76782  0.93707  0.87846  0.86990  0.86263  0.85396  0.93389  0.86511  0.84744  0.97878  1.09482  0.99489  0.83936  0.80443  0.87411  0.89481  0.82320  0.74708  1.08529  1.08895  1.20602  1.21260  1.15180  1.13924  0.90064  0.90295  0.87427  0.76738  0.97502  0.91472  0.91650  0.91469  0.92114  0.90454  0.99602  0.89855  0.91255  0.06395  0.06802  0.00000