9
AcMNPV     0.000 0.100 0.094 0.364 0.366 0.300 0.544 0.584 0.535	
BmNPV      0.100 0.000 0.089 0.381 0.343 0.300 0.544 0.567 0.535  
OpMNPV     0.094 0.089 0.000 0.404 0.396 0.299 0.559 0.581 0.566
LdMNPV     0.364 0.381 0.404 0.000 0.245 0.237 0.426 0.538 0.480
SeMNPV     0.366 0.343 0.396 0.245 0.000 0.215 0.500 0.520 0.527
HaSNPV     0.300 0.300 0.299 0.237 0.215 0.000 0.448 0.533 0.479
PxGV       0.544 0.544 0.559 0.426 0.500 0.448 0.000 0.121 0.050
XcGV       0.584 0.567 0.581 0.538 0.520 0.533 0.121 0.000 0.166
CpGV       0.535 0.535 0.566 0.480 0.527 0.479 0.050 0.166 0.000
   
